51
0.0 77.7
91.2 43.1
4.2 26.6
98.9 52.4
49.8 41.5
94.1 80.3
85.0 31.1
99.2 48.9
36.7 59.8
91.4 93.0
22.4 51.7
14.3 28.9
14.4 77.4
9.8 63.4
81.9 25.7
93.2 54.6
72.3 83.0
61.7 92.4
15.1 31.8
10.2 74.8
7.6 92.1
87.1 70.1
33.9 48.4
57.4 10.4
36.3 44.5
32.4 62.6
65.6 93.5
21.0 99.0
56.6 48.9
45.4 88.7
53.4 26.7
6.4 82.5
94.1 56.2
93.8 1.5
9.6 73.7
86.1 40.9
72.8 84.5
80.4 68.5
64.1 0.2
62.7 50.6
84.8 88.9
34.2 25.0
74.8 33.4
72.1 89.2
6.5 19.6
94.0 58.2
22.8 24.5
82.3 99.1
14.6 82.3
55.7 45.9
0.0 9.4
12
0.0 32.8
89.7 52.1
95.6 50.2
11.2 30.9
56.5 29.9
72.4 12.8
56.1 34.1
83.5 94.5
55.4 20.9
98.7 81.9
61.8 56.1
0.0 60.2
38
0.0 45.6
9.4 61.1
81.8 39.5
32.5 59.0
24.8 29.8
18.9 19.4
84.2 19.2
3.4 62.8
67.3 26.7
48.8 7.1
9.2 69.6
77.6 13.4
89.8 15.4
94.6 4.0
86.3 8.3
92.0 71.7
94.6 85.0
55.4 70.0
40.1 85.8
72.3 53.8
28.3 53.5
83.2 24.2
87.0 22.1
91.7 69.6
60.4 84.6
97.3 43.0
59.4 28.2
46.2 50.5
67.7 65.7
71.8 93.9
81.3 36.6
8.5 33.3
62.8 11.9
49.9 60.2
64.6 34.4
86.6 19.5
24.9 1.7
0.0 75.0
36
0.0 12.0
72.3 22.6
38.1 81.4
17.5 34.1
43.7 83.6
6.4 10.4
80.2 15.0
87.6 71.5
22.5 4.7
83.7 58.8
65.0 93.2
95.9 54.8
61.7 69.7
7.6 2.8
12.8 65.1
19.4 62.1
85.1 59.0
12.3 40.1
9.4 38.0
85.4 11.9
3.8 62.1
2.3 20.0
98.5 99.4
19.0 73.6
12.7 49.1
21.6 74.5
82.0 6.3
96.0 69.6
2.4 55.8
43.6 63.6
10.4 85.6
26.7 7.2
22.7 7.4
66.3 30.9
35.9 44.7
0.0 18.5
9
0.0 51.6
47.9 4.1
61.1 10.4
71.7 40.1
20.5 26.7
36.8 92.7
75.0 48.2
85.9 92.4
0.0 94.1
74
0.0 17.4
71.5 68.9
20.9 99.0
78.6 6.0
80.8 69.3
16.3 86.6
16.6 35.1
54.3 25.7
12.1 61.2
94.4 45.3
68.2 18.0
1.4 48.3
69.8 42.0
92.2 58.3
89.6 52.1
94.0 31.9
66.5 36.6
39.8 85.8
67.4 25.7
15.8 57.5
70.8 1.3
46.9 76.0
8.1 34.4
75.7 4.7
55.8 28.8
13.9 24.6
78.1 97.7
49.4 36.1
62.5 29.5
69.0 36.8
60.5 97.0
91.4 64.9
87.5 63.6
13.6 73.3
31.8 39.8
76.7 42.5
84.9 66.7
8.3 0.2
60.9 19.7
71.6 34.3
16.4 24.6
22.9 65.3
45.9 38.8
72.8 89.7
69.0 58.2
89.6 42.5
3.3 41.2
89.3 71.9
58.2 42.9
79.1 67.9
72.7 4.8
17.0 45.7
6.6 26.6
71.9 16.2
45.8 54.1
90.7 49.9
93.0 57.5
61.9 77.4
0.1 90.6
4.0 50.7
33.4 32.0
85.8 47.9
5.2 82.9
84.3 89.7
99.8 83.2
42.6 19.3
56.2 98.7
64.9 8.6
85.8 74.3
13.4 1.6
41.2 97.3
69.5 42.8
32.4 0.4
0.0 21.9
3
0.0 73.5
77.3 0.3
0.0 84.3
88
0.0 54.2
62.7 10.1
19.6 12.2
62.3 66.5
20.4 89.5
31.0 28.7
70.6 18.7
10.3 48.8
87.5 94.5
40.7 64.3
8.4 2.3
28.2 93.6
46.4 82.0
81.2 11.9
88.3 26.3
13.7 67.0
53.4 83.7
66.7 66.1
35.6 11.8
89.3 15.9
28.6 87.2
2.0 4.4
4.2 21.1
69.8 26.6
57.2 32.3
97.0 37.6
96.1 58.2
93.2 87.0
4.4 86.7
76.8 98.5
71.9 62.3
67.2 50.7
73.0 66.0
92.5 47.0
65.6 44.6
38.2 89.3
55.1 18.3
21.3 38.5
60.2 29.9
1.0 14.2
15.5 27.8
34.2 34.6
80.9 37.7
73.6 9.6
34.7 79.9
63.6 3.7
4.3 27.7
16.8 15.4
59.8 29.7
37.0 40.5
56.2 13.3
30.1 11.8
49.0 74.9
24.6 95.7
5.0 31.6
18.4 87.8
53.6 74.7
7.3 31.0
41.3 85.6
33.7 30.7
42.5 11.2
10.2 57.5
93.1 49.3
48.6 34.6
86.2 81.8
100.0 83.2
35.2 12.8
49.1 11.9
71.7 51.0
43.7 3.9
31.0 34.4
75.3 70.4
91.6 16.0
94.2 17.1
64.2 57.9
38.5 82.6
99.8 65.5
9.0 6.8
82.8 8.7
20.3 76.8
22.7 6.3
39.5 0.9
10.1 40.4
57.0 53.2
29.7 46.0
94.3 50.1
80.8 59.9
0.0 73.2
88
0.0 22.3
43.4 8.6
37.8 22.6
26.8 60.0
79.6 17.1
44.2 19.7
36.8 11.8
6.6 84.2
88.5 87.4
71.9 2.9
92.5 53.9
46.3 77.1
69.4 20.7
12.2 51.0
40.8 26.3
21.3 65.7
4.4 97.1
81.7 22.2
63.9 15.0
10.8 20.3
47.0 38.8
37.1 56.0
84.7 15.5
10.8 61.1
50.0 15.2
57.8 41.6
65.4 69.7
43.4 89.9
53.4 50.8
69.6 94.0
91.0 33.1
85.4 51.1
51.1 65.1
68.7 89.6
20.7 55.6
62.5 95.4
22.5 1.0
34.9 72.3
98.6 76.5
92.1 32.6
83.8 33.0
3.7 53.8
15.2 89.6
26.4 61.8
80.3 16.0
86.3 38.9
59.7 30.2
73.6 72.4
82.7 48.2
6.8 82.0
8.7 52.9
89.0 93.8
4.1 6.8
23.1 13.4
4.2 30.8
1.6 77.8
86.5 46.0
33.9 88.3
16.5 82.0
15.3 89.0
67.2 47.2
99.2 38.1
51.8 39.2
92.3 54.3
51.5 3.5
58.8 9.3
69.5 81.4
82.5 53.1
77.7 61.5
7.9 76.5
43.7 92.8
77.3 21.2
29.7 54.9
92.3 61.3
42.8 84.6
99.6 49.4
86.6 81.1
99.6 39.8
62.3 60.1
24.0 87.2
88.6 81.8
2.1 67.3
90.7 0.1
75.9 18.7
31.0 52.0
58.4 26.1
34.1 6.8
0.0 50.6
35
0.0 96.6
84.5 31.1
79.2 41.8
39.4 83.0
39.3 6.4
16.8 65.7
95.8 13.1
24.5 29.4
74.7 85.0
34.3 5.7
96.5 3.7
49.3 42.8
14.5 50.4
91.2 88.5
61.7 73.5
8.4 69.0
71.6 15.6
83.0 36.2
42.2 3.7
62.7 47.8
39.6 47.0
4.9 10.4
48.3 79.7
15.6 2.1
3.4 61.3
63.3 13.6
64.6 33.2
10.8 71.7
56.3 66.5
35.5 20.0
39.3 80.3
79.6 79.7
50.3 11.4
90.3 6.2
0.0 62.5
91
0.0 47.9
63.0 64.8
95.7 34.6
66.7 12.8
99.3 69.9
73.1 63.7
30.4 80.8
87.0 13.1
98.2 93.4
39.7 81.9
30.1 93.9
76.4 89.4
98.1 69.8
83.0 12.5
53.2 88.2
80.5 19.4
4.0 80.1
40.2 45.6
38.1 77.5
19.6 46.7
36.6 80.9
64.8 7.8
98.0 4.6
92.4 95.7
4.1 49.8
26.2 92.3
2.8 96.8
53.3 68.3
58.3 58.6
89.7 22.2
23.6 9.6
79.5 84.0
90.6 91.1
64.3 79.9
51.5 71.6
53.7 43.1
52.0 31.3
96.9 11.7
15.0 43.7
91.4 58.0
43.3 94.6
8.7 95.9
10.8 42.6
6.5 10.2
42.6 79.3
16.0 75.2
97.8 3.2
81.1 45.8
44.2 70.3
42.8 3.1
50.9 94.2
88.5 98.6
33.3 74.0
25.9 8.1
36.1 7.3
12.5 36.8
70.9 3.1
35.4 35.7
18.3 1.1
85.1 99.8
23.7 83.9
37.5 7.3
61.1 91.5
14.7 21.3
0.4 21.0
67.5 69.0
75.0 96.1
92.3 12.7
76.6 0.8
30.1 37.8
70.7 2.6
95.6 62.0
23.9 88.0
14.6 19.2
46.5 11.6
48.9 35.3
72.5 98.3
26.5 13.4
2.9 99.0
21.4 37.1
34.4 48.5
98.4 30.0
30.4 96.0
90.0 98.2
56.7 65.2
33.5 18.9
60.8 8.3
10.6 54.7
59.5 31.6
16.1 38.6
0.0 92.0
20
0.0 96.9
12.9 82.4
22.9 32.4
52.1 24.9
24.3 77.3
18.9 29.9
38.2 43.0
68.0 4.8
88.2 13.6
61.6 2.2
40.4 8.0
72.0 7.5
13.6 43.1
30.7 56.4
42.7 75.9
94.9 14.6
60.6 43.3
30.6 65.3
36.4 8.7
0.0 25.5
58
0.0 64.8
37.9 65.3
97.2 54.2
6.0 38.6
41.9 0.9
42.8 98.6
74.6 92.3
32.9 45.2
20.9 38.1
30.1 97.6
48.3 9.4
97.4 19.0
81.6 11.2
28.4 11.5
57.2 62.1
70.5 15.8
81.5 72.0
45.7 95.1
40.9 19.0
78.7 43.2
44.3 17.9
25.4 98.3
46.5 34.9
96.0 53.6
14.6 36.4
47.4 64.7
65.3 8.9
49.5 77.4
20.9 30.2
0.2 85.1
71.6 46.0
63.4 47.4
0.8 22.4
30.6 11.8
78.8 64.5
30.9 55.9
62.4 16.0
43.5 72.4
77.0 48.3
9.5 69.5
51.0 77.9
98.4 23.8
55.7 78.1
41.6 28.7
64.8 2.3
12.4 27.7
90.5 68.5
4.2 0.1
26.3 40.8
53.9 91.2
59.6 72.8
40.6 45.6
10.5 76.5
25.9 36.3
29.1 89.3
77.4 68.9
93.1 20.1
0.0 61.0
12
0.0 3.7
7.3 81.2
26.9 31.3
54.7 34.9
12.2 54.3
88.1 25.6
91.3 94.3
78.1 16.8
7.0 42.5
88.2 29.7
29.0 53.3
0.0 13.8
75
0.0 53.6
64.3 21.6
54.5 10.8
42.1 97.9
65.0 55.7
41.4 76.0
79.8 92.6
80.8 28.6
30.0 45.3
38.1 58.2
64.4 14.2
16.1 12.7
71.4 12.4
39.1 41.1
60.6 48.0
14.3 57.4
68.5 30.7
36.3 64.8
48.5 76.1
42.6 22.4
48.9 50.1
71.2 51.4
32.6 50.5
66.8 98.2
6.2 45.5
30.8 14.7
76.4 50.8
5.4 90.9
63.7 22.1
2.7 36.4
48.3 40.1
91.0 1.1
86.7 54.0
6.9 70.4
88.8 8.4
70.3 97.3
76.0 94.7
68.6 40.5
0.7 37.0
4.3 11.9
63.6 0.4
27.7 89.5
65.6 71.7
30.0 74.5
92.3 23.3
14.5 77.0
58.7 29.5
19.6 10.8
44.5 47.2
73.4 33.9
39.4 17.3
33.9 43.2
66.4 91.9
70.4 44.6
15.2 45.9
95.6 72.6
15.2 53.7
32.4 13.3
21.4 93.3
19.2 45.5
35.8 80.9
39.9 43.8
82.7 50.4
39.9 74.8
22.6 81.5
20.1 45.0
96.3 21.0
60.1 72.8
5.1 92.8
39.8 3.5
24.0 64.9
8.7 89.2
19.2 37.3
5.9 76.1
0.0 65.4
88
0.0 17.8
23.9 62.6
30.5 62.8
8.9 72.2
89.0 52.5
77.0 29.2
79.0 89.9
90.5 36.2
42.2 47.0
5.6 64.8
71.4 52.9
68.2 98.0
66.5 97.8
56.1 95.3
75.3 95.7
44.1 59.5
46.6 50.2
26.1 72.2
48.8 22.1
34.6 27.3
4.4 4.5
5.4 16.7
35.9 0.4
29.7 67.1
0.8 14.4
6.6 80.6
43.9 69.7
22.8 99.4
62.4 40.7
57.2 94.4
22.7 46.5
19.8 34.8
62.3 10.5
62.1 90.5
8.8 81.4
32.7 33.1
54.9 46.7
91.5 33.3
26.2 3.0
53.5 4.6
19.5 37.8
8.3 21.5
89.1 53.8
35.5 19.3
85.8 20.7
25.8 68.9
74.7 75.4
30.9 32.0
53.0 88.1
39.4 26.1
49.4 35.3
89.3 73.0
24.6 4.6
31.4 95.7
56.6 7.5
1.0 47.2
50.8 74.2
44.9 4.9
94.0 82.9
42.3 50.6
47.2 45.1
12.1 8.8
8.4 24.7
10.2 84.7
78.4 15.8
42.4 90.6
94.2 21.9
45.2 62.8
7.9 83.8
43.8 57.3
77.3 90.8
85.0 40.4
4.1 98.2
18.5 25.6
50.2 22.6
13.2 86.1
89.2 28.6
95.7 36.1
32.8 44.6
11.0 57.1
92.2 29.3
62.5 55.5
80.8 20.7
72.9 30.4
79.7 45.3
52.7 62.0
47.4 55.0
0.0 65.0
35
0.0 28.0
23.8 1.7
12.2 63.0
80.3 72.9
10.2 17.7
75.1 42.5
25.5 22.4
29.2 90.1
75.4 67.6
0.7 76.0
54.9 52.8
43.9 88.0
5.1 12.5
39.4 66.1
28.0 12.2
99.5 75.5
57.9 36.8
23.6 69.2
73.4 72.1
56.0 67.7
28.9 22.7
75.8 85.2
92.4 24.6
6.7 53.1
31.5 69.1
33.6 24.0
38.3 64.4
49.2 29.4
59.7 17.6
14.1 83.0
1.6 56.7
51.7 33.6
37.6 60.0
65.1 2.6
0.0 83.2
18
0.0 89.8
40.6 15.9
100.0 18.2
52.3 7.9
13.9 78.4
21.2 80.1
93.8 79.4
50.9 58.4
78.6 71.3
99.3 21.9
24.1 75.1
13.6 83.6
24.0 77.9
39.4 36.2
62.4 60.6
13.6 64.5
51.1 92.3
0.0 94.0
15
0.0 63.1
85.4 2.7
54.0 61.1
36.8 50.1
46.7 31.7
1.3 98.2
22.6 56.9
66.9 16.7
67.7 90.1
50.7 82.9
97.7 75.6
49.3 56.0
32.2 72.2
86.9 8.1
0.0 26.6
