100
39
Jan
631 776
906 932
291 518
410 138
461 273
588 690
282 362
792 390
147 603
502 433
338 513
148 583
183 529
274 458
142 496
136 143
24 61
294 853
472 740
75 154
417 275
314 954
3 607
755 230
219 750
512 866
619 514
428 279
312 553
741 47
179 272
369 821
942 564
36 497
812 382
504 718
360 5
671 26
118 216
39
Petra
753 657
576 905
927 50
269 934
871 997
292 590
742 267
688 803
769 242
548 196
285 822
923 560
681 989
848 181
576 969
349 750
343 428
152 802
317 727
623 115
85 454
371 915
21 449
214 119
27 329
286 138
609 348
572 258
845 887
238 608
265 504
110 735
694 836
480 522
483 264
948 640
371 598
538 145
54 333
5
Jan
860 440
798 867
263 571
393 301
150 499
3
Petra
121 278
384 517
699 926
37
Jan
632 385
638 542
413 194
228 287
438 865
413 272
510 428
298 782
245 352
195 834
642 637
742 871
263 561
275 902
761 553
555 496
676 801
888 334
190 329
139 396
50 770
223 860
383 545
613 433
666 427
914 524
274 669
494 100
723 663
533 974
249 610
827 397
827 606
392 596
947 304
79 909
133 929
31
Petra
605 682
216 379
289 441
667 42
761 698
658 974
913 475
397 686
90 717
853 860
892 189
110 300
269 356
53 35
520 541
651 950
899 998
773 704
853 380
290 949
241 947
557 606
775 611
918 647
32 129
276 247
569 923
957 458
401 673
528 875
126 901
41
Jan
819 337
600 258
22 154
759 355
724 141
569 616
628 555
572 746
171 758
757 574
228 294
33 323
566 499
364 31
487 621
103 218
0 405
371 765
620 169
576 520
110 472
414 86
753 278
875 99
445 547
884 990
324 587
498 840
96 869
185 471
220 748
119 133
914 671
899 797
494 384
928 687
632 99
558 842
562 704
381 48
887 264
24
Jan
213 261
498 619
797 353
431 670
954 952
579 598
169 45
888 305
563 839
620 608
24 972
708 946
432 541
817 323
708 583
728 13
670 540
285 882
739 237
687 229
378 850
859 526
387 581
766 934
28
Jan
582 10
64 269
348 746
23 77
987 56
324 837
156 551
222 260
36 218
595 213
658 895
515 842
174 627
515 442
147 280
513 491
124 494
211 849
982 629
720 688
707 29
544 86
635 135
803 68
394 557
728 310
414 550
981 555
17
Petra
958 596
795 543
28 138
867 431
160 28
147 250
316 986
301 880
456 716
427 703
64 845
301 22
289 988
619 17
633 287
78 1
903 919
19
Petra
349 140
505 297
596 218
88 38
810 865
136 312
890 733
141 321
489 414
391 503
164 481
689 145
604 63
48 594
594 717
806 939
296 214
514 403
211 661
39
Petra
322 643
860 166
887 413
134 875
711 546
536 886
164 97
220 618
439 277
385 736
648 383
512 238
829 506
737 595
899 477
141 403
222 957
164 300
495 90
241 932
327 330
61 613
841 792
159 657
570 300
249 535
686 530
863 640
342 242
315 499
982 799
177 61
127 250
945 159
752 682
982 39
401 955
136 508
647 856
22
Jan
504 323
819 424
168 15
528 327
470 555
438 8
65 910
265 365
748 710
174 31
336 752
287 251
704 289
665 902
883 721
729 96
538 393
816 354
707 178
323 927
0 759
142 298
14
Petra
212 672
75 849
496 391
191 667
311 831
791 171
347 774
573 310
209 258
46 930
242 192
691 887
778 507
382 870
6
Jan
374 480
393 932
80 424
845 155
360 203
529 500
3
Jan
973 52
556 6
895 616
14
Jan
645 342
483 893
36 423
432 524
858 742
324 462
757 907
469 293
504 377
549 450
66 608
379 987
502 694
233 529
23
Petra
501 671
565 665
663 990
139 399
102 616
915 825
474 986
712 372
915 426
202 947
434 789
872 616
50 326
103 739
708 630
643 394
975 416
710 618
734 186
394 426
586 948
49 489
868 937
20
Jan
896 700
443 70
377 728
233 833
257 881
716 867
105 110
608 453
459 125
186 997
937 717
939 479
48 706
106 425
858 123
261 524
108 768
954 912
281 45
845 840
9
Jan
10 953
692 866
671 62
946 503
604 268
104 447
706 324
604 527
565 170
15
Jan
278 816
211 609
612 393
681 855
108 949
128 451
945 368
316 47
386 122
647 755
163 386
60 448
878 396
433 694
48 643
10
Jan
738 271
660 283
734 594
399 118
296 778
759 736
914 458
861 492
227 124
691 975
49
Jan
461 340
213 95
308 878
668 89
980 332
128 531
318 300
457 591
889 983
589 516
813 359
962 953
174 710
355 844
978 556
505 17
103 456
401 930
383 125
702 653
943 128
46 907
290 783
362 269
700 109
111 767
163 171
551 448
263 13
633 87
85 746
433 240
210 407
586 627
944 731
929 995
946 983
194 294
260 340
590 430
216 416
192 993
110 493
231 686
273 894
476 31
911 488
747 421
981 935
31
Petra
355 619
875 176
226 946
268 325
828 619
531 958
243 65
372 451
438 927
505 338
418 241
759 875
371 211
707 94
928 636
73 24
829 437
311 470
340 288
225 107
695 241
376 350
116 963
611 496
46 611
967 51
745 824
371 283
846 847
722 621
491 800
42
Jan
281 1
156 589
205 165
983 995
433 460
41 654
576 530
588 904
815 294
510 545
165 487
77 807
334 315
869 81
207 823
55 522
882 606
305 176
715 439
943 101
352 384
632 674
168 305
601 329
402 911
554 820
307 310
439 384
290 596
720 175
383 153
253 468
769 689
90 594
47 275
912 604
115 134
93 400
924 850
605 901
123 790
46 255
23
Jan
344 770
903 268
25 946
409 69
404 871
431 676
409 93
763 772
75 307
625 475
313 86
751 152
780 822
833 855
650 632
566 748
336 298
940 389
884 109
833 510
848 922
918 576
896 85
35
Jan
980 683
179 702
245 48
610 106
875 417
503 982
943 93
356 696
61 241
309 645
303 803
227 297
795 838
926 201
112 701
422 817
677 84
45 793
104 372
625 919
604 30
193 506
937 371
1 313
803 159
976 473
129 530
967 434
280 863
790 163
909 206
129 54
726 650
962 558
982 15
10
Petra
767 519
949 984
47 482
907 351
127 463
441 299
133 237
734 535
448 405
177 931
4
Petra
561 300
649 439
887 286
269 89
37
Jan
39 586
771 212
979 519
604 341
90 840
429 624
761 250
736 434
427 302
405 311
640 220
859 586
34 422
743 837
895 651
747 509
258 911
514 274
890 286
924 9
461 111
263 11
99 860
752 701
540 78
535 631
156 49
626 766
426 307
100 461
140 890
327 428
655 903
839 723
844 824
211 667
894 454
27
Jan
872 627
202 36
621 182
503 362
424 910
209 520
345 593
119 288
520 642
12 59
61 479
651 282
19 870
420 257
174 615
782 73
815 513
695 547
488 667
589 530
179 511
249 690
567 453
978 390
221 823
566 686
149 313
20
Jan
549 503
478 165
319 835
563 84
217 554
495 287
791 696
684 557
387 390
676 605
24 353
220 304
164 985
958 223
278 341
692 992
931 6
191 331
181 688
673 579
43
Petra
939 547
191 51
262 413
383 375
472 109
808 708
144 942
129 150
331 696
334 723
4 475
314 172
151 90
631 408
277 50
150 165
311 364
197 173
141 300
318 100
719 891
887 484
960 967
13 100
646 101
584 941
182 145
463 214
972 758
210 819
520 259
318 520
800 907
640 142
491 873
988 788
175 705
145 352
445 561
347 429
963 875
671 947
542 32
42
Jan
438 508
786 61
869 642
264 557
814 327
648 397
985 680
868 390
245 137
458 640
149 492
125 791
75 234
2 668
954 11
969 802
989 628
812 298
766 978
678 117
153 468
192 208
553 137
848 121
203 354
274 520
544 343
340 109
312 813
610 779
950 204
70 814
163 286
311 386
480 708
123 397
865 617
590 405
709 693
291 648
195 967
933 434
41
Petra
384 697
986 916
429 158
193 821
544 162
398 119
641 636
356 49
587 464
486 263
234 217
636 872
186 492
151 500
585 114
136 623
122 161
705 765
131 517
46 430
474 256
478 98
284 457
988 255
769 728
421 326
667 942
491 115
783 641
116 614
485 399
619 382
345 943
208 566
928 307
36 414
524 453
372 2
890 382
37 753
934 830
42
Petra
274 395
685 320
922 435
45 171
582 920
136 806
569 395
79 831
591 108
989 416
973 14
886 479
963 522
367 115
66 783
606 659
577 31
41 344
607 175
607 862
360 848
386 260
898 535
826 677
537 577
507 100
36 276
668 663
181 445
411 606
113 959
175 376
251 720
626 139
365 810
725 24
822 475
391 708
76 707
88 184
502 359
482 935
41
Jan
914 697
983 222
669 959
51 137
400 314
479 993
696 639
301 149
62 995
75 257
452 410
700 319
447 228
470 778
465 105
532 389
741 53
284 945
519 992
292 755
926 163
208 572
439 576
755 32
825 263
889 541
283 222
859 929
896 590
744 63
263 491
104 31
586 362
86 145
685 564
260 44
245 418
346 437
951 183
340 675
968 254
10
Jan
662 279
509 5
905 274
758 105
300 984
908 13
702 795
667 418
3 747
640 156
7
Jan
684 858
125 567
29 296
577 61
548 514
156 955
621 168
5
Petra
851 719
746 621
320 912
563 161
99 315
18
Jan
249 551
180 741
286 199
212 94
688 977
153 524
887 140
661 962
161 422
171 19
884 481
677 313
521 58
704 405
517 429
206 677
109 866
349 56
33
Jan
619 151
595 154
393 62
962 577
779 797
356 307
421 301
365 425
748 43
994 913
706 481
687 780
267 558
207 88
357 290
163 987
419 391
359 535
552 536
600 444
460 24
296 508
614 387
74 763
30 578
614 698
879 959
524 168
8 744
439 209
194 937
172 880
406 989
40
Petra
821 635
557 286
674 691
824 28
956 232
767 494
415 930
927 691
767 56
785 529
699 931
179 61
386 791
171 712
532 117
189 327
543 454
694 767
860 556
505 539
352 651
650 744
41 935
913 535
563 611
739 35
500 887
115 998
601 144
630 817
516 542
672 634
432 271
550 851
499 675
219 128
710 174
637 520
500 829
945 495
49
Petra
649 37
863 893
953 536
730 417
607 1
191 555
303 144
989 0
101 142
356 175
946 136
413 401
392 591
138 770
169 422
328 772
196 98
595 585
268 977
701 813
541 85
916 260
932 328
186 303
474 6
395 116
837 374
926 980
436 184
470 370
927 553
226 971
202 823
611 316
357 279
777 721
975 608
135 230
151 698
298 111
847 903
477 722
420 649
217 958
908 757
22 766
407 959
395 512
232 257
37
Jan
627 857
259 56
165 39
616 520
68 388
475 860
14 720
835 797
930 826
546 775
216 76
802 81
378 25
757 949
276 33
743 170
140 286
339 177
199 212
847 284
226 946
881 628
443 888
687 614
64 686
383 739
852 942
990 91
116 82
105 959
653 880
79 235
633 853
354 746
985 153
265 931
144 803
33
Jan
78 553
270 412
780 0
402 988
511 357
559 416
440 46
976 547
317 856
858 278
0 948
850 238
961 726
331 473
199 634
362 990
574 379
653 553
902 916
618 139
222 955
693 818
521 320
517 484
671 353
566 322
157 282
851 485
128 175
379 187
30 349
789 310
54 884
35
Petra
826 57
534 567
943 333
257 178
329 284
210 380
406 731
280 719
880 564
719 221
703 691
147 332
181 981
88 767
213 902
208 838
350 571
619 316
50 85
932 629
441 674
446 94
838 761
766 712
265 969
467 1
602 794
133 269
300 732
878 108
317 928
969 641
166 695
148 4
161 681
42
Petra
158 693
793 115
882 154
997 476
898 846
450 351
952 252
503 864
989 432
31 469
688 247
757 249
444 878
392 221
794 92
690 105
432 98
764 98
153 874
647 995
973 652
490 598
508 732
441 589
82 477
158 557
917 872
936 13
545 161
331 398
561 920
452 783
494 525
952 207
725 117
820 612
189 985
60 39
396 271
3 139
912 362
759 925
15
Petra
996 124
509 623
731 500
529 585
815 937
310 453
333 550
387 4
887 766
547 639
665 592
83 497
192 610
515 196
125 574
45
Jan
258 196
215 608
203 663
660 142
906 991
278 839
110 876
359 598
936 806
131 429
254 701
786 665
377 960
34 766
561 248
69 652
840 849
510 467
463 574
649 79
293 400
71 688
494 736
931 767
643 912
556 164
59 362
468 852
213 868
727 53
75 688
297 579
180 959
640 928
842 683
486 652
57 544
958 816
144 556
481 992
178 431
800 803
622 288
284 584
398 548
18
Jan
423 258
884 347
556 779
57 253
137 164
917 353
369 653
928 471
430 934
741 930
682 569
596 43
47 135
530 199
438 205
263 452
16 363
131 873
48
Jan
634 183
618 21
849 735
363 352
905 750
904 977
803 953
783 688
325 819
722 251
538 879
238 470
767 241
2 154
666 330
516 165
667 946
60 340
115 783
81 776
159 455
839 642
696 90
21 864
878 445
967 697
280 273
303 839
702 875
95 640
751 587
82 640
705 818
524 275
600 454
653 422
460 149
80 141
883 213
495 921
433 816
876 611
919 429
22 640
896 701
84 269
879 595
610 108
47
Jan
727 255
791 659
667 387
938 293
370 101
530 383
393 192
77 756
16 93
275 636
133 274
143 383
79 958
602 723
869 392
143 840
36 588
732 794
726 100
617 293
103 942
990 29
315 932
102 241
473 534
394 914
691 727
70 625
676 680
96 573
409 840
346 529
308 151
940 247
37 896
496 242
702 919
148 122
515 897
274 272
264 558
996 297
197 800
829 552
971 29
696 253
639 858
31
Jan
83 906
406 20
124 340
407 509
187 104
779 811
258 868
126 898
260 385
965 582
694 698
601 37
360 852
8 488
476 355
997 247
694 575
718 725
12 823
200 116
197 217
519 84
60 217
350 131
851 791
453 185
397 56
618 528
171 452
999 365
718 420
49
Petra
138 874
210 510
494 171
104 91
689 544
332 466
7 563
405 636
739 107
836 663
480 847
145 555
493 354
840 540
733 153
432 728
832 605
852 514
761 16
146 757
541 349
883 22
290 335
710 713
372 28
562 732
645 224
79 78
955 235
423 365
397 584
125 408
401 228
69 866
549 853
286 617
538 104
490 318
982 406
860 438
715 432
894 787
711 579
312 868
276 327
332 467
797 976
476 945
484 753
48
Jan
473 617
42 536
167 613
103 999
12 302
113 532
868 855
4 94
914 397
884 113
600 902
787 127
741 773
268 239
312 759
950 58
383 499
17 868
440 512
517 914
712 285
367 296
463 767
328 6
24 790
326 665
719 402
543 361
631 197
604 5
90 643
327 507
923 597
816 313
819 715
386 74
266 33
917 279
759 364
766 552
404 492
298 629
574 374
42 325
783 339
739 149
393 441
348 731
7
Jan
905 286
750 132
687 710
163 406
915 463
744 118
846 249
31
Petra
645 768
369 567
983 86
846 976
720 637
458 523
17 343
648 178
932 866
311 138
876 254
255 874
119 630
491 103
721 259
332 912
500 786
515 720
500 517
428 936
234 518
596 886
949 759
568 268
124 143
342 946
193 349
762 60
844 41
433 139
664 761
46
Jan
824 52
991 608
921 59
814 670
75 291
132 728
626 477
906 986
581 708
320 97
993 228
424 786
361 487
536 224
274 736
664 479
918 718
508 658
319 114
504 312
387 938
837 230
552 276
28 44
820 258
40 657
400 540
781 336
23 652
236 228
416 721
368 151
275 631
829 74
61 899
226 438
746 710
726 500
764 633
395 104
660 405
988 468
198 3
650 232
763 472
382 453
34
Petra
521 929
51 518
413 66
402 733
472 754
93 840
630 988
347 610
883 434
167 357
525 973
525 16
569 903
984 193
809 387
854 927
416 373
24 742
464 326
217 849
677 254
448 964
749 229
560 749
669 267
267 181
519 768
620 201
476 232
682 432
600 586
294 194
355 649
413 729
2
Jan
321 849
611 291
34
Petra
427 523
77 237
108 750
104 436
64 836
908 911
854 531
172 258
712 190
548 432
713 204
113 826
664 735
766 905
745 132
660 532
717 723
59 342
485 297
714 742
387 183
882 686
54 445
164 182
112 548
40 8
989 521
406 490
76 336
31 467
931 327
720 472
473 380
262 16
32
Jan
657 251
784 457
393 402
15 273
922 422
648 172
279 682
557 210
436 911
715 359
642 929
53 953
371 940
164 919
320 771
923 728
942 866
360 91
678 92
310 709
650 927
648 2
430 89
205 226
17 926
349 417
542 805
205 713
233 244
382 473
23 231
490 998
39
Jan
775 937
455 224
613 642
811 882
934 89
36 391
414 95
978 310
72 325
857 420
172 211
387 343
580 833
784 103
967 96
298 937
914 334
652 424
316 958
12 734
793 943
916 473
913 538
252 316
372 59
432 636
95 935
665 287
899 883
42 914
85 747
947 889
725 334
222 911
707 296
75 589
720 80
326 229
346 834
40
Petra
206 703
910 145
505 447
797 850
785 831
735 236
229 793
286 456
670 72
124 296
735 937
9 530
503 152
345 867
547 160
306 211
424 342
795 371
693 175
388 782
806 692
667 178
899 657
86 172
129 140
352 213
633 878
798 412
745 361
587 977
634 585
855 192
441 0
987 405
576 914
566 452
753 986
738 590
742 888
773 319
27
Petra
479 864
858 570
848 15
578 312
900 643
945 554
61 779
44 352
895 832
382 747
61 744
523 5
74 44
508 1
965 436
50 731
996 792
716 668
790 27
366 306
548 828
631 837
316 997
860 300
993 737
588 121
534 412
15
Petra
984 290
153 810
637 473
151 115
441 533
739 796
499 470
374 64
728 799
785 885
309 485
139 410
134 936
596 942
243 919
33
Jan
145 799
23 862
897 297
920 233
183 212
137 827
267 972
874 282
966 205
628 944
391 148
391 347
444 458
331 498
71 552
89 388
715 66
488 149
543 432
704 304
293 926
839 196
447 570
746 129
48 568
888 18
230 263
730 41
275 487
887 390
831 183
985 910
43 231
8
Petra
416 974
495 263
728 443
927 634
485 185
415 882
78 98
668 241
43
Jan
393 297
646 80
977 216
444 87
160 561
735 530
394 915
40 141
209 79
138 906
316 703
908 125
432 557
457 195
859 104
910 223
527 758
917 891
377 817
32 190
674 25
164 391
319 280
335 749
907 813
967 476
92 332
868 708
226 739
26 460
418 651
502 310
953 566
236 590
794 492
833 225
36 451
136 277
351 515
208 143
474 164
449 657
553 945
12
Petra
181 704
507 643
791 595
192 554
608 50
907 375
505 535
247 18
796 80
915 482
346 323
112 906
39
Jan
509 212
139 570
71 556
119 794
797 4
572 386
431 518
180 990
365 338
96 886
288 8
315 332
436 536
575 126
56 480
673 746
14 773
145 182
361 298
811 502
205 893
99 410
980 423
143 322
863 568
774 385
32 185
777 546
819 912
403 884
690 304
413 263
4 259
613 352
427 598
978 367
37 284
260 58
104 196
22
Petra
486 48
676 180
603 938
700 453
40 415
946 367
441 614
206 155
549 676
681 556
265 179
474 250
886 190
352 220
815 505
734 725
812 519
435 406
110 127
874 30
119 708
420 157
6
Petra
929 77
946 868
748 721
887 377
66 818
478 861
13
Petra
619 148
830 296
875 145
840 364
560 822
984 838
379 957
719 136
329 693
532 79
319 134
434 64
306 516
41
Petra
387 68
227 199
228 754
542 71
560 971
322 119
925 611
187 225
172 458
723 564
584 21
471 404
613 6
506 937
950 81
899 969
429 279
115 108
55 408
917 365
245 964
432 985
594 766
253 184
836 778
695 784
170 995
167 705
30 934
410 184
884 936
963 113
14 605
406 906
968 166
653 185
14 717
23 480
434 321
535 627
648 946
2
Jan
538 198
117 601
16
Petra
371 903
7 140
935 846
314 877
3 645
153 639
25 336
558 848
757 957
314 469
417 902
283 114
410 233
754 94
469 907
203 303
21
Jan
977 285
357 176
306 705
393 249
541 44
56 808
399 856
535 763
657 287
264 25
94 744
660 399
571 431
99 511
506 424
172 674
363 158
689 593
500 329
132 556
477 752
16
Jan
200 914
492 428
133 507
381 716
406 194
858 722
488 606
622 891
288 331
574 139
465 236
622 362
637 594
473 596
430 531
168 187
7
Petra
839 452
646 443
872 80
460 758
719 960
57 270
876 58
23
Petra
20 28
294 252
483 830
964 314
55 734
980 648
770 144
960 263
490 536
421 489
461 8
398 807
522 203
580 989
616 912
251 339
476 886
903 609
515 846
769 366
96 996
250 621
926 699
16
Petra
472 47
480 748
293 593
996 404
709 857
918 362
895 48
701 135
208 417
61 789
716 931
475 384
843 868
750 974
471 938
801 701
38
Jan
900 35
799 389
786 117
978 963
521 1
125 331
792 702
148 239
387 768
486 58
33 542
915 726
574 621
310 872
771 234
878 656
658 562
802 906
194 101
508 892
569 873
756 692
385 965
588 740
820 886
163 734
655 499
574 621
109 55
5 36
936 736
517 571
717 61
387 641
231 903
40 0
250 935
15 918
29
Petra
460 551
311 769
678 63
256 321
823 760
235 128
135 584
471 173
584 950
843 920
445 174
926 708
654 243
518 300
566 504
514 152
875 562
909 93
730 135
309 919
614 805
852 173
465 222
523 852
846 952
846 944
346 626
316 469
529 21
10
Jan
173 782
376 418
138 109
764 519
486 382
210 827
792 847
739 124
856 607
562 813
10
Petra
241 292
707 85
796 424
904 84
556 657
715 254
607 835
502 65
328 707
378 990
50
Jan
769 857
919 99
334 407
116 827
757 258
750 587
675 45
855 868
546 306
462 479
347 464
723 747
236 748
708 481
854 901
381 57
109 397
851 720
883 173
523 690
728 251
547 479
397 275
517 299
603 44
513 156
318 246
445 758
465 836
416 432
107 900
635 567
378 743
477 15
877 239
54 708
333 9
670 825
809 919
213 316
760 226
859 426
484 582
775 979
935 225
168 642
806 149
818 23
886 403
108 721
36
Jan
146 347
238 729
906 703
753 295
311 789
785 273
746 238
154 18
534 970
611 151
582 460
797 25
907 544
627 723
905 776
86 468
694 883
12 995
806 518
503 528
337 816
244 634
940 102
542 974
410 862
33 761
262 615
918 371
274 921
900 548
754 833
288 354
334 153
916 617
903 721
630 491
12
Petra
988 519
584 716
810 154
482 196
982 241
93 506
684 518
168 857
268 554
52 712
489 69
367 368
29
Jan
745 595
15 750
157 811
708 766
127 523
238 287
468 555
809 959
857 533
276 408
781 100
550 898
376 354
26 599
78 259
688 48
115 745
668 500
839 830
952 989
388 369
229 596
269 66
388 361
784 746
161 251
650 401
296 634
792 928
30
Jan
876 213
352 802
308 324
911 286
471 547
384 768
949 361
569 199
448 491
172 224
745 94
702 93
639 781
555 731
963 788
90 744
589 370
152 147
463 546
270 188
210 332
709 94
707 357
251 83
814 936
357 191
193 571
607 479
262 636
137 572
14
Petra
684 292
460 305
944 508
360 266
836 64
796 577
95 757
580 672
738 983
324 922
18 175
767 258
158 305
463 476
41
Jan
890 396
173 793
533 831
373 419
196 916
878 932
607 722
648 26
120 155
73 952
84 464
973 429
310 999
895 241
167 923
794 329
56 369
336 548
655 399
225 897
612 210
852 300
655 518
35 915
57 459
136 484
887 972
202 474
629 704
318 897
442 443
510 349
31 899
529 968
762 830
952 567
171 681
477 354
95 669
951 845
857 347
16
Jan
492 55
239 60
971 143
661 708
488 92
636 294
829 241
788 577
306 42
760 347
811 719
524 224
865 995
313 417
722 567
291 295
889
Jan
182 262
411 326
866 759
856 405
95 219
554 685
537 235
403 635
233 546
445 29
625 207
759 786
649 644
467 236
874 245
309 419
988 521
554 719
413 544
659 87
910 342
366 86
10 990
514 505
342 37
806 765
297 763
383 90
65 453
917 979
11 249
543 819
946 971
25 445
716 356
372 219
854 341
396 673
958 434
379 395
903 745
162 385
764 353
926 885
233 279
950 675
887 607
315 894
161 168
923 693
344 842
403 546
9 639
348 121
424 367
364 982
976 363
15 609
490 515
933 395
632 757
783 370
604 801
169 563
452 794
855 940
714 855
637 94
453 488
136 904
444 921
198 641
76 426
372 396
41 369
595 742
258 85
854 976
254 654
16 272
242 917
619 280
592 443
4 191
905 927
210 696
392 427
556 364
400 985
569 852
394 696
194 688
512 188
236 760
908 130
413 147
202 783
856 598
575 330
366 182
445 923
315 336
866 708
990 390
740 485
18 673
403 245
429 651
133 859
748 860
564 677
911 578
298 487
115 267
867 266
231 381
265 669
942 830
362 286
205 884
156 715
804 816
845 349
930 55
582 964
967 591
823 224
583 434
960 472
214 881
102 904
643 237
487 343
33 535
759 470
706 780
89 963
678 779
659 152
174 486
674 846
272 186
207 380
200 211
368 852
841 269
567 402
711 864
819 665
407 936
90 567
218 810
962 480
22 683
229 209
86 18
237 881
522 484
949 77
817 199
139 677
170 550
434 917
742 95
701 397
983 454
851 935
723 936
959 750
404 40
645 875
106 272
357 477
137 265
151 636
362 401
844 980
148 730
609 502
319 113
125 368
567 405
802 288
742 858
344 491
257 573
385 116
766 161
4 710
853 360
491 973
260 140
739 541
755 349
167 748
612 724
86 522
546 112
879 514
46 995
646 599
756 724
618 520
374 470
712 270
19 744
312 910
176 160
20 977
119 668
6 762
381 793
930 503
519 247
200 308
587 837
573 178
627 67
220 485
499 386
347 639
441 447
372 351
444 252
951 594
690 366
259 104
675 79
346 671
57 971
432 235
574 505
72 859
498 672
436 975
226 243
354 294
875 552
767 484
768 618
896 782
461 449
519 462
59 548
589 89
95 742
527 734
612 392
890 794
991 29
292 875
959 595
93 774
7 283
532 818
541 941
700 906
520 863
170 896
207 830
286 624
437 883
740 547
789 118
354 380
246 877
659 617
598 540
261 453
189 402
859 461
992 723
113 988
740 748
558 908
359 79
998 306
251 342
795 661
760 754
908 140
48 123
743 162
700 771
437 695
114 596
477 193
463 98
560 111
838 645
310 639
161 639
886 472
738 420
315 690
299 380
687 421
738 858
547 151
317 836
534 825
501 445
885 798
722 144
515 3
175 676
916 653
564 501
863 882
118 380
940 585
597 329
689 520
187 705
910 404
957 273
582 247
509 778
120 332
831 260
112 852
114 736
405 788
168 844
16 61
707 228
263 370
99 517
745 601
366 498
400 92
874 460
166 86
300 942
537 721
867 214
931 797
324 766
676 167
413 232
0 827
927 199
386 599
488 777
792 800
463 358
650 362
381 11
654 14
500 312
53 294
919 82
11 915
852 860
17 498
5 701
213 581
880 704
216 45
33 679
233 290
233 931
708 597
797 127
242 98
29 19
502 7
674 661
784 226
817 716
368 863
68 501
568 482
270 863
586 17
127 683
112 853
150 186
390 301
433 955
57 712
827 447
262 742
647 559
543 628
349 953
774 672
887 259
193 84
673 982
768 971
289 70
903 987
963 172
715 746
286 450
153 695
475 352
815 372
159 800
922 847
689 425
364 972
743 726
637 646
417 887
260 273
764 972
356 336
52 153
218 33
480 342
29 883
515 436
981 719
13 10
591 679
707 494
209 707
480 795
382 671
83 804
384 843
78 78
298 313
230 13
396 358
806 355
437 258
419 115
369 342
487 105
11 560
61 987
738 686
58 353
886 31
254 491
779 363
496 35
553 119
460 323
442 358
961 342
208 800
225 494
329 904
207 929
788 239
180 195
200 526
964 181
25 146
737 372
797 677
741 450
331 430
117 588
659 343
218 32
223 610
309 93
898 744
898 798
626 668
592 539
326 945
405 408
699 405
326 539
395 929
204 184
917 248
282 46
69 74
122 41
576 16
738 270
5 673
469 445
534 176
372 944
427 723
586 762
462 802
288 112
353 415
539 415
256 958
163 822
309 849
579 442
675 700
647 672
582 784
207 640
329 953
585 739
496 996
803 354
99 999
956 565
565 595
455 580
841 456
157 47
88 194
820 125
317 138
701 358
478 354
854 15
79 477
872 790
422 51
692 163
514 186
387 544
457 923
630 886
844 791
313 926
911 562
883 171
790 10
225 617
628 470
329 373
802 412
370 896
209 551
471 826
68 294
973 980
896 607
952 139
128 341
928 972
858 939
517 623
240 243
620 87
667 917
504 11
380 411
64 853
263 623
340 886
841 424
991 378
528 484
933 363
459 696
441 945
343 904
188 487
260 493
309 212
640 756
927 849
46 354
528 183
766 288
735 434
923 831
109 457
261 917
557 718
155 789
803 553
915 285
294 380
68 34
916 574
264 412
90 309
233 306
254 953
795 613
545 749
686 154
473 70
679 846
278 883
271 814
969 164
666 736
204 490
997 138
855 308
709 144
321 346
814 606
909 143
155 440
815 641
556 344
205 679
590 370
508 576
469 718
731 52
872 812
408 900
968 877
481 451
232 678
299 2
858 671
867 304
976 551
568 871
782 602
51 864
734 300
806 742
375 843
754 415
403 852
231 485
939 281
548 498
92 824
679 811
167 634
647 554
651 279
178 2
884 109
118 413
94 813
851 508
110 418
14 325
649 762
614 286
69 341
246 356
572 632
743 461
147 348
440 788
750 576
944 538
86 102
321 129
982 903
613 38
141 4
930 86
589 701
391 149
754 346
811 127
566 823
214 30
245 272
406 898
997 71
195 871
823 169
928 470
315 748
480 345
736 489
205 737
634 194
537 705
756 634
579 942
902 151
362 605
751 305
934 888
282 581
204 112
66 313
741 312
318 962
619 618
714 365
935 506
884 788
491 425
22 418
838 514
541 900
78 458
579 890
185 106
166 374
309 135
899 789
526 449
422 941
574 478
493 481
743 47
711 684
329 438
271 971
451 617
40 257
217 601
957 42
427 406
988 647
512 645
878 543
360 437
567 425
75 486
639 100
772 518
1 206
312 211
116 468
734 598
906 658
948 575
162 549
217 92
184 920
629 275
987 997
628 321
74 9
476 778
756 27
159 200
622 143
496 983
276 319
761 479
697 471
769 696
89 695
898 117
76 820
85 271
461 345
400 153
236 925
262 114
539 101
502 808
445 928
915 351
614 478
298 815
328 865
583 558
200 484
861 65
955 900
342 263
368 717
474 638
812 628
701 647
228 841
583 57
183 266
680 922
410 335
271 950
494 419
283 2
190 781
254 156
212 59
54 836
359 598
979 174
316 910
407 784
721 646
784 85
827 878
946 40
586 31
64 919
621 129
191 643
518 843
932 348
496 591
877 481
339 219
432 933
389 118
635 876
105 223
726 244
916 969
464 871
223 941
579 954
733 769
691 358
472 161
377 850
971 307
167 866
116 917
345 982
129 943
360 304
945 405
366 643
834 563
92 279
268 146
644 649
427 421
294 81
641 365
638 795
195 558
416 705
42 339
650 648
772 718
623 442
297 912
16 35
538 250
735 877
263 555
321 653
856 715
177 936
792 227
471 836
20 631
105 137
681 793
352 973
210 864
379 260
947 428
208 302
631 258
513 684
357 510
779 69
384 215
906 427
391 95
587 49
876 118
963 737
704 831
706 824
821 286
68 384
512 344
739 878
733 873
325 705
203 795
538 366
746 87
177 4
532 94
412 835
526 722
964 601
764 278
749 429
134 179
641 335
380 998
704 115
48 181
327 845
48 538
992 361
992 577
250 70
123 641
429 289
374 464
468 685
52 80
981 88
829 760
249 631
740 692
973
Petra
665 556
897 168
45 126
871 774
631 205
631 482
892 375
795 848
410 113
832 104
295 647
57 112
19 740
621 54
422 279
116 754
609 765
40 795
578 946
377 628
217 700
340 748
287 921
916 303
242 650
950 31
879 156
224 405
562 903
548 958
330 910
49 440
661 239
535 16
312 708
785 400
665 769
437 943
985 184
821 212
258 940
987 636
2 641
763 939
302 460
120 572
660 552
389 513
711 565
398 80
409 868
129 897
112 509
604 896
133 178
636 950
126 743
981 872
395 575
35 916
724 659
632 614
632 169
443 879
12 849
566 774
283 994
133 224
337 750
199 323
398 732
283 70
438 903
29 873
244 483
170 188
907 108
579 607
322 450
44 334
227 112
12 547
521 365
658 41
631 221
108 668
24 228
422 670
285 629
478 81
639 310
708 695
545 256
521 435
974 318
954 809
510 504
155 545
38 12
226 38
886 664
405 443
371 776
71 845
577 985
845 75
792 932
566 212
999 222
193 693
498 716
829 599
246 234
669 682
644 918
35 519
226 224
628 204
826 205
597 273
489 529
807 305
823 886
680 191
771 303
843 721
759 176
254 76
969 537
95 67
157 537
480 346
409 15
87 415
489 716
161 482
148 142
146 468
650 226
405 351
730 923
579 753
396 465
958 465
863 237
458 869
352 598
233 300
996 761
595 213
168 254
756 481
818 36
521 454
225 5
874 473
30 913
513 810
44 925
815 544
113 249
601 61
256 951
954 490
641 887
846 592
427 890
161 789
839 155
475 618
333 892
472 451
478 182
137 569
63 757
498 926
376 635
404 468
808 518
991 480
860 698
105 248
266 207
86 403
498 961
692 905
417 816
822 746
158 340
996 531
194 374
654 645
738 773
274 520
248 941
725 731
748 954
951 103
104 372
83 650
501 493
194 805
625 351
958 171
576 447
398 286
224 761
119 511
500 514
227 277
685 118
782 751
790 245
222 183
228 230
333 217
231 193
804 645
26 176
698 38
496 197
743 742
444 268
70 746
137 32
63 731
214 655
140 184
743 973
406 229
527 87
859 709
241 103
90 329
612 646
298 497
124 296
409 792
195 251
753 811
747 339
806 522
796 940
964 505
89 2
230 41
320 59
372 550
503 416
430 845
130 535
829 609
690 90
240 562
186 828
59 447
108 270
149 903
606 343
956 690
415 219
622 318
144 749
664 368
606 643
290 39
787 640
875 358
913 57
192 506
546 144
925 814
992 664
912 538
360 924
660 184
596 882
733 925
367 751
408 886
654 555
716 258
897 701
507 969
795 987
62 701
421 15
472 124
834 945
423 491
323 256
991 403
613 333
862 988
580 400
184 285
857 145
767 731
254 402
781 454
612 364
618 108
357 756
516 19
823 560
769 714
94 214
906 447
923 121
60 783
671 412
273 485
559 719
619 755
758 509
751 901
709 776
933 366
936 729
369 141
210 983
441 41
61 815
762 590
366 635
300 708
44 829
893 549
9 947
711 43
894 404
673 967
925 458
508 507
371 579
461 627
377 469
220 709
201 641
305 495
631 884
878 94
770 366
985 8
125 455
272 372
996 185
757 917
261 60
989 431
858 354
695 309
726 899
407 747
55 237
105 278
953 787
265 444
426 37
729 296
666 807
669 168
345 46
221 816
702 626
321 70
166 542
88 829
6 777
553 291
811 366
744 56
236 17
671 330
303 398
232 79
929 877
59 392
37 396
122 404
796 333
903 608
920 953
760 944
536 462
608 769
806 713
309 607
588 12
67 591
440 203
699 419
233 62
611 5
940 484
655 870
637 296
751 564
483 29
506 724
223 53
5 973
543 857
91 461
50 507
523 637
846 27
77 483
790 638
129 10
181 839
503 1
464 925
785 971
668 940
759 948
896 756
385 921
419 71
546 413
852 777
447 831
337 912
119 792
784 139
508 785
134 138
186 858
742 43
110 437
181 782
964 14
367 553
899 970
690 778
370 935
373 483
880 972
825 621
116 118
225 936
306 87
386 854
796 153
597 191
97 595
229 116
163 117
14 686
615 428
666 345
597 892
435 324
64 127
760 30
586 694
658 526
628 328
255 670
581 947
316 304
920 211
931 229
753 280
839 200
966 312
380 783
936 119
127 555
812 330
776 569
711 544
102 519
219 212
666 552
869 29
876 955
22 779
970 165
787 368
985 607
437 367
55 12
437 865
874 681
967 639
630 545
864 230
68 917
432 157
473 379
615 58
229 232
199 327
955 147
56 455
104 55
518 232
765 915
68 59
974 34
883 967
35 170
708 321
502 255
251 977
249 564
586 355
524 55
41 783
551 996
725 379
722 508
14 874
70 718
56 839
565 640
500 28
783 198
249 788
413 524
798 630
659 173
814 235
496 144
518 231
307 49
568 985
180 45
505 273
877 381
619 302
782 276
712 257
568 842
209 424
743 644
410 832
948 604
755 246
312 347
140 119
343 831
206 453
393 884
372 124
25 398
521 206
475 745
140 300
750 596
104 541
615 94
341 961
90 132
795 399
756 4
175 846
588 757
232 248
71 614
608 99
556 846
873 181
576 455
901 339
275 286
645 930
741 866
188 355
675 331
773 503
52 589
418 920
16 239
54 933
69 544
744 374
812 407
589 439
819 94
191 232
989 569
658 101
15 765
203 363
64 337
291 992
771 695
367 309
351 141
900 576
972 588
680 842
521 959
513 764
4 706
810 31
651 55
233 799
808 789
567 674
984 121
496 989
288 442
864 332
810 645
904 664
635 609
448 493
206 679
407 910
182 988
370 715
853 63
592 478
262 268
794 133
455 790
468 818
723 766
650 175
373 752
997 984
504 834
235 482
478 131
996 191
885 599
704 647
448 64
243 119
341 720
78 19
819 779
541 102
151 541
834 78
374 646
600 279
593 727
313 355
821 149
54 312
671 64
740 446
192 614
569 158
864 165
973 937
177 400
498 178
735 520
69 267
236 932
376 570
917 959
237 328
686 16
185 749
990 704
811 681
573 758
649 516
766 700
807 134
190 538
519 129
831 841
706 65
323 535
990 725
721 419
585 928
484 652
103 53
671 721
951 683
788 436
901 13
306 54
923 754
522 917
300 75
682 164
981 121
398 941
415 381
18 363
442 263
828 503
181 388
469 996
902 11
337 145
882 35
851 805
273 119
195 614
754 464
886 275
195 840
80 14
60 416
626 567
297 167
8 279
824 322
956 767
541 818
912 284
315 593
233 334
869 687
20 476
636 936
999 115
845 179
875 867
93 730
177 979
417 732
380 800
818 516
928 141
649 910
138 64
243 557
557 485
222 814
131 985
421 108
84 1
89 976
237 989
446 438
600 541
162 560
990 311
460 389
60 312
760 144
16 914
904 78
450 395
297 394
376 620
634 767
403 797
301 965
508 4
705 876
148 407
291 966
252 253
171 790
600 229
612 977
46 869
32 501
437 935
983 145
831 110
763 967
561 392
272 748
529 732
718 905
102 596
5 479
667 988
609 814
861 221
203 992
8 72
772 720
870 721
325 734
97 790
428 412
409 33
804 121
983 73
560 718
480 498
16 742
907 668
177 433
878 411
638 27
654 233
435 386
513 935
338 623
744 894
541 958
175 906
821 123
965 527
986 192
775 203
884 142
40 686
630 629
193 66
234 683
809 730
278 938
702 994
761 91
727 268
949 416
213 356
291 170
320 739
954 102
811 90
288 424
253 278
488 428
563 82
126 72
840 671
129 924
562 691
579 772
238 790
246 583
238 620
405 10
236 751
509 543
919 842
579 962
466 597
444 584
655 819
49 479
470 794
899 127
563 45
413 275
93 552
505 214
483 708
861 499
339 81
776 278
213 788
111 3
70 10
302 958
12 752
303 96
966 64
356 30
285 753
33 529
270 173
270 828
722 251
787 99
80 716
899 244
8 79
465 342
231 589
474 226
656 959
997 597
872 470
708 240
3 913
8 929
451 965
436 664
751 338
123 268
934 290
920 562
159 52
975 513
88 824
335 517
504 193
758 634
412 619
798 102
863 548
507 5
707 929
666 24
615 671
894 927
672 850
809 685
235 781
144 656
845 656
657 647
362 395
315 33
657 632
771 366
378 555
833 151
428 428
990 644
493 675
468 668
435 184
136 222
24 862
591 815
736 352
71 561
657 6
502 283
523 319
388 46
185 772
279 221
602 955
162 543
721 855
482 921
622 781
484 559
959 811
738 649
909 929
422 939
398 915
117 139
999 794
413 98
153 290
239 371
137 313
507 486
356 629
262 368
161 122
449 280
847 335
372 503
187 377
68 514
35 409
842 332
51 458
762 726
102 987
789 40
874 555
430 255
992 399
912 304
992 661
827 203
785 187
182 981
595 28
800 783
976 222
66 593
713 110
888 228
416 512
751 489
510 905
18 940
766 415
954
Jan
628 444
906 459
60 501
233 151
829 695
241 691
940 95
415 218
206 155
154 232
746 305
926 772
673 291
722 672
200 381
49 800
174 145
777 998
694 879
658 251
887 366
202 50
672 586
573 857
745 333
436 384
736 905
534 506
701 974
798 414
174 531
831 687
4 24
82 247
558 499
626 477
541 674
390 947
155 180
78 967
819 534
96 234
302 590
706 196
15 560
883 40
131 376
331 723
339 458
93 457
679 244
408 513
824 978
872 109
35 547
313 337
203 319
871 960
986 805
322 660
321 743
832 703
273 132
170 594
929 978
357 552
877 363
381 625
431 618
859 321
646 613
999 461
510 200
92 243
68 960
639 677
735 974
119 335
509 753
564 788
969 152
52 300
268 810
580 942
869 314
947 127
399 871
347 282
372 215
792 642
658 969
185 95
189 27
814 39
15 369
761 557
835 799
423 94
558 882
907 402
966 832
556 549
984 622
980 436
101 937
314 159
543 251
306 785
776 417
419 876
116 336
132 60
752 736
80 665
259 480
111 967
912 904
745 172
220 90
703 440
796 992
49 687
212 645
311 898
554 169
736 38
902 537
601 342
294 333
704 98
192 103
32 900
189 590
112 523
459 222
876 929
264 728
783 813
421 213
263 248
770 149
84 797
329 660
732 405
591 967
22 865
468 638
753 86
544 891
351 433
389 865
440 185
204 827
308 931
458 602
217 92
834 143
490 868
636 126
278 60
542 832
340 484
396 355
203 630
444 78
404 534
212 575
65 773
126 812
148 157
362 34
974 391
273 568
181 157
235 719
792 203
896 17
676 521
577 803
578 703
612 944
740 506
312 536
278 547
359 790
0 981
976 542
79 183
491 810
630 625
297 292
895 10
981 347
552 503
238 432
61 228
166 259
455 905
139 740
15 355
602 292
948 140
186 105
986 755
157 871
400 904
254 959
578 881
359 6
57 157
137 572
316 455
180 61
573 649
760 864
849 372
712 193
322 215
233 480
20 292
764 878
292 382
682 31
495 395
160 50
720 735
743 425
376 783
384 508
726 707
855 473
969 148
438 378
712 302
231 775
306 384
22 866
744 576
643 289
280 731
38 405
779 560
924 941
516 997
952 799
24 36
667 955
393 546
972 532
679 175
505 411
20 223
52 452
24 407
48 474
630 670
873 557
206 159
816 696
906 83
615 780
71 752
628 885
867 47
8 675
850 536
654 902
947 656
590 798
203 697
172 258
502 835
320 740
871 139
745 880
852 603
144 542
576 356
847 779
266 655
684 237
502 915
27 515
678 249
535 246
583 414
966 296
678 966
281 376
823 767
503 420
513 678
595 381
63 58
912 242
316 131
767 824
466 214
782 541
219 90
664 927
44 417
296 33
973 702
821 485
951 508
80 724
546 489
634 933
436 115
573 999
491 238
738 906
696 250
709 319
635 616
994 668
136 914
388 759
912 530
298 945
943 163
552 977
721 544
778 121
794 713
835 461
887 208
89 892
510 802
357 876
494 489
65 654
56 47
607 474
140 152
344 769
788 14
844 113
180 903
467 504
881 575
544 204
888 252
852 763
570 483
922 24
190 510
211 985
545 260
414 597
224 642
535 922
709 706
723 343
42 595
999 12
203 96
882 449
683 980
479 16
86 746
869 2
835 14
513 253
511 462
355 279
189 974
200 809
865 809
58 647
193 782
424 602
576 990
123 983
394 937
661 919
172 135
67 967
338 995
290 226
625 479
203 651
144 277
103 295
738 858
197 745
144 756
82 835
498 491
319 372
419 541
676 345
608 1
415 805
781 189
155 584
771 712
575 774
925 585
416 156
16 290
416 831
72 898
774 202
685 310
745 65
803 154
27 313
210 521
101 705
686 36
654 167
601 226
814 158
631 551
984 107
671 240
781 621
652 745
358 568
332 243
400 245
606 340
203 912
786 21
423 131
570 208
426 120
886 667
377 471
361 209
610 516
571 373
947 623
683 439
81 354
288 294
744 544
286 755
543 890
610 467
529 767
183 255
421 486
772 61
374 506
55 458
812 836
41 837
98 191
2 703
357 220
251 576
594 717
745 895
276 194
654 591
777 989
398 377
355 466
139 772
647 979
630 44
226 19
735 633
835 781
886 869
257 258
510 966
162 789
933 450
577 51
146 380
26 992
253 904
612 993
85 636
99 727
544 293
915 894
338 298
738 368
805 495
775 18
888 781
874 132
918 173
634 388
5 309
359 171
363 835
660 618
884 304
485 252
512 635
684 727
969 845
996 282
469 849
306 6
918 274
843 947
29 392
13 12
509 944
863 187
544 614
941 754
584 666
945 710
596 408
836 20
994 968
825 992
30 183
777 724
590 289
522 804
392 467
743 112
550 204
75 848
118 374
916 258
987 737
665 795
657 165
407 241
174 845
255 947
910 397
476 681
152 943
755 845
69 134
405 49
470 215
151 452
952 519
294 633
537 66
564 683
95 63
43 441
110 118
514 336
605 922
32 872
120 672
539 468
314 487
589 273
895 867
522 32
342 826
526 208
209 214
787 434
190 786
126 124
718 71
772 935
323 886
580 676
592 626
397 219
815 616
621 22
207 706
481 913
779 561
293 948
671 667
993 810
43 812
403 365
549 112
442 617
586 720
627 767
368 559
265 281
672 645
363 157
245 845
832 935
918 99
882 532
502 335
924 973
503 434
629 467
744 243
531 660
978 627
573 797
947 509
557 542
419 384
93 480
974 48
751 452
322 328
487 80
698 921
819 48
422 865
674 932
456 722
619 429
418 637
224 852
926 259
125 506
281 355
514 597
394 28
735 625
267 162
166 406
611 183
286 224
256 968
665 274
950 428
963 718
757 406
939 383
566 401
915 453
922 846
671 374
33 481
172 293
984 171
89 276
576 52
489 758
385 742
204 97
542 202
468 57
515 155
960 315
2 490
673 708
337 699
906 317
547 316
476 389
351 295
357 594
350 459
770 932
551 938
876 262
408 803
729 7
992 126
141 322
939 574
243 211
331 789
785 951
817 760
413 784
616 859
646 59
256 262
560 533
581 578
408 181
939 281
949 107
270 941
476 929
615 814
466 333
555 872
852 375
313 336
63 157
287 934
177 767
724 65
859 718
365 607
309 235
106 798
115 89
295 720
794 832
526 603
256 752
552 858
350 751
25 458
761 606
387 788
862 274
792 220
192 292
333 180
985 43
3 421
560 2
330 831
152 19
621 519
574 594
350 831
48 185
189 65
98 916
403 823
705 615
788 31
770 529
397 779
506 747
171 939
228 437
984 402
181 255
895 443
492 475
885 877
281 503
765 94
961 35
831 37
537 261
711 465
784 893
791 83
836 767
517 233
8 59
749 546
820 953
246 599
717 150
742 672
559 694
891 413
339 911
313 936
560 638
845 530
48 406
375 54
715 163
920 62
788 279
216 589
76 907
450 619
692 96
85 780
42 67
346 892
285 337
387 23
640 103
473 758
104 586
812 483
245 50
516 384
379 80
179 12
489 289
694 84
278 353
400 971
454 255
629 712
161 111
590 909
115 84
93 991
625 439
393 603
915 519
293 919
103 409
69 183
969 864
951 228
967 473
180 416
209 128
580 637
84 87
753 460
457 593
876 217
978 299
320 454
135 306
377 648
332 481
54 643
972 599
144 191
409 285
721 594
322 2
576 818
484 379
627 895
223 136
981 521
92 161
781 407
201 677
37 842
686 652
346 608
226 305
849 302
196 345
525 252
886 32
335 166
388 798
303 839
340 746
74 849
529 786
359 45
710 731
693 903
618 572
214 382
767 334
987 635
830 625
513 982
323 471
915 622
334 590
20 4
468 230
333 293
553 763
270 206
381 767
81 755
584 836
333 333
848 136
907 807
566 878
232 349
927 74
777 199
511 999
263 548
314 325
284 770
901 223
676 960
592 7
65 561
983 393
706 223
666 30
392 240
493 301
658 694
641 502
497 151
252 868
293 952
790 115
135 961
918 856
752 63
637 852
251 593
705 299
71 8
44 896
184 229
970 733
373 407
96 459
938 177
158 941
953 916
49 530
346 992
561 757
909 739
155 236
133 601
296 352
511 125
130 33
109 39
918 298
295 645
437 297
71 830
970 511
32 67
170 559
707 952
812 380
159 560
190 30
31 47
196 587
787 310
307 26
237 427
183 85
738 2
16 460
989 953
514 149
117 554
452 569
21 174
234 731
952 600
619 241
673 327
169 299
783 96
119 9
391 411
36 87
913 230
204 351
764 597
619 728
917 433
124 732
934 904
606 299
629 988
161 940
721 811
318 665
187 560
187 714
927 787
407 797
503 393
825 98
480 471
956
Petra
618 389
645 569
831 990
243 565
753 610
702 657
956 529
236 912
98 316
874 131
873 691
682 335
421 59
836 615
491 454
528 374
809 987
813 941
723 984
90 809
903 785
801 400
21 263
258 319
524 378
589 418
47 360
859 686
702 0
679 456
12 624
66 925
270 872
861 558
844 75
141 704
911 54
427 905
795 106
124 258
747 503
903 341
199 450
397 870
263 276
666 676
198 36
842 870
477 215
469 891
564 698
419 59
626 762
892 258
166 225
582 382
53 970
250 205
942 890
445 990
466 873
667 89
844 306
695 835
794 501
125 311
653 343
733 928
706 895
991 964
467 432
439 475
293 313
811 899
364 959
625 851
742 61
966 315
911 457
407 621
139 945
919 414
117 905
69 331
166 57
96 7
14 228
624 675
476 460
741 896
850 569
263 892
98 13
867 793
406 351
454 545
86 604
131 156
877 548
943 506
97 161
647 954
760 918
201 972
19 14
732 389
568 95
975 4
862 398
819 378
984 222
315 589
690 240
261 318
946 245
512 128
161 283
354 932
515 791
756 836
157 884
48 252
206 630
539 603
896 18
608 926
606 817
737 200
310 757
959 927
393 404
971 229
755 964
733 530
365 1
944 738
659 343
773 277
388 854
204 368
417 759
307 577
775 487
443 442
258 570
430 330
584 389
616 362
538 779
119 805
764 432
913 85
717 967
368 712
794 510
784 409
953 771
519 365
188 86
155 484
408 182
557 111
828 837
619 649
599 295
92 39
457 207
872 828
704 9
727 723
595 715
248 203
65 467
652 708
79 418
418 38
520 384
280 989
153 752
456 762
752 859
698 278
266 980
531 553
419 500
159 918
797 435
180 474
645 950
966 571
708 695
501 246
350 409
679 283
660 297
680 467
351 944
357 148
690 430
685 983
934 365
748 23
30 545
943 551
253 621
450 48
263 689
791 318
266 508
503 262
372 773
498 354
717 753
166 945
752 343
683 737
400 174
695 150
879 747
962 579
19 68
882 355
941 519
373 400
577 7
838 822
624 890
705 885
211 541
858 503
567 371
854 758
356 672
150 320
679 104
308 78
59 782
205 306
685 557
646 278
42 281
80 598
27 53
820 375
190 118
260 87
394 396
378 534
698 262
690 966
824 519
13 767
264 127
568 588
145 396
94 259
181 227
569 526
514 945
810 69
980 462
243 438
291 49
808 485
166 369
52 566
172 483
877 197
970 982
94 331
828 983
719 43
317 877
449 66
652 916
963 597
461 43
858 177
948 280
194 634
639 475
854 573
966 199
3 861
577 467
761 63
42 581
252 21
934 643
296 384
721 525
27 189
665 448
605 661
47 377
381 173
402 257
232 656
988 391
696 763
830 843
433 493
52 189
835 59
75 19
365 273
427 584
971 504
844 118
985 524
615 472
166 861
962 869
860 337
976 322
381 877
452 440
270 758
714 564
66 413
210 981
140 166
244 705
216 246
873 41
222 692
818 537
657 943
679 662
83 177
891 348
53 576
870 680
880 281
725 514
218 964
546 990
134 971
695 328
817 154
496 886
997 391
850 332
923 512
233 534
573 981
147 857
662 463
852 127
348 850
773 178
990 231
414 328
415 130
407 784
378 240
514 651
481 671
632 356
35 305
379 900
535 524
7 954
33 713
325 58
422 914
527 863
344 911
700 848
34 747
598 855
151 311
768 26
668 683
847 275
702 818
175 603
836 417
712 77
445 867
629 549
245 754
614 89
691 903
261 798
393 288
449 476
278 805
119 63
94 631
888 202
851 721
11 745
769 833
358 140
175 133
53 759
208 192
944 438
269 476
113 227
581 731
602 666
724 820
310 424
402 148
742 67
524 907
325 713
732 191
512 666
3 213
883 218
964 124
62 693
961 712
229 826
154 90
774 82
882 23
722 597
616 296
502 502
142 804
22 812
211 128
28 612
254 369
147 306
628 40
127 851
58 764
303 378
794 302
377 653
242 625
680 182
943 262
679 112
519 403
11 818
110 768
550 114
653 889
870 269
185 714
831 792
250 535
107 408
800 110
439 108
160 584
9 556
125 131
956 440
281 789
964 469
123 528
391 400
208 115
899 600
822 330
763 703
539 847
663 761
396 401
19 256
173 539
88 825
459 736
326 893
780 457
194 257
284 924
814 891
614 814
519 861
973 127
904 119
525 695
622 598
604 198
117 939
362 897
891 885
324 758
498 191
737 358
178 107
350 629
139 626
589 771
67 552
913 32
259 655
799 489
764 336
441 928
602 812
579 734
342 432
609 419
442 838
22 860
305 394
960 81
86 966
834 779
227 420
275 413
619 904
893 295
815 82
93 751
494 802
14 324
615 715
63 478
144 185
69 189
42 361
760 345
119 385
368 412
122 380
723 525
638 336
413 667
800 744
113 357
791 594
496 988
919 360
81 441
190 239
655 758
952 313
379 357
575 74
452 842
833 224
139 512
211 391
24 900
4 517
297 47
236 797
371 372
893 417
618 970
746 487
94 169
874 810
579 806
575 38
714 899
635 244
672 755
721 427
267 786
465 895
191 229
743 925
51 307
242 109
474 620
565 984
135 224
80 366
401 94
745 872
184 734
249 484
402 105
68 124
116 344
776 630
448 156
728 87
397 519
998 463
610 118
652 870
145 870
666 602
365 528
718 220
287 661
715 257
435 10
720 665
459 476
984 428
827 641
501 739
206 3
240 125
169 251
882 900
426 294
94 9
414 219
406 88
25 655
956 185
910 482
751 803
215 11
155 688
575 689
2 695
28 310
83 97
643 0
64 545
412 926
669 131
333 693
455 718
189 163
379 829
721 838
510 602
964 890
184 689
278 581
331 717
893 874
482 810
417 402
35 3
626 920
418 688
654 660
269 370
283 79
787 396
627 384
910 428
187 474
653 674
367 54
402 942
955 439
692 280
929 25
467 494
595 807
48 887
589 442
598 172
698 631
7 578
451 957
974 230
340 647
983 788
395 497
326 951
133 117
24 166
673 574
674 151
175 559
347 31
35 766
31 599
511 689
203 564
435 928
359 344
260 522
395 892
121 996
892 215
305 196
762 935
940 349
457 278
616 56
335 345
831 100
808 701
487 47
839 885
134 465
559 629
628 937
507 116
816 55
289 12
364 110
806 122
400 58
370 641
33 816
356 322
389 515
767 973
238 371
567 601
956 3
597 976
499 964
656 648
176 949
358 261
426 501
934 458
894 300
146 158
542 26
213 977
100 685
303 200
43 556
430 765
57 105
285 955
149 32
117 250
727 869
139 972
747 367
382 812
150 984
725 827
829 326
773 373
837 791
399 210
712 318
639 551
225 928
798 172
350 241
650 704
527 846
750 276
876 691
715 153
444 502
932 330
102 252
234 264
303 605
242 569
534 307
832 559
723 762
676 453
198 783
285 383
38 623
173 792
581 181
818 54
796 533
394 162
692 40
26 773
409 30
772 106
879 364
655 723
198 648
63 812
653 746
320 947
814 111
913 418
699 679
734 349
185 835
903 188
148 132
108 521
836 189
106 468
336 944
255 746
149 814
716 439
371 375
95 704
447 728
493 794
184 885
253 114
303 654
124 657
179 411
734 838
523 174
248 75
954 556
666 819
183 988
223 75
767 133
734 483
75 39
603 295
114 582
583 957
872 551
437 903
440 596
440 547
292 749
100 517
614 162
581 366
103 996
16 106
976 931
555 66
454 361
603 828
683 947
715 270
285 264
963 190
952 360
477 791
834 240
694 615
505 439
282 718
926 831
579 233
464 564
730 941
60 659
591 149
469 411
238 166
370 31
552 460
904 173
279 642
996 668
670 729
499 14
616 718
719 744
877 153
175 417
183 618
827 31
809 508
618 577
864 915
61 160
672 571
560 453
574 816
548 618
340 383
915 661
15 439
907 707
134 867
277 929
587 75
118 874
649 502
561 664
300 517
945 410
421 697
317 160
266 323
526 609
705 77
990 728
982 996
713 718
898 436
38 653
808 578
387 823
312 840
686 227
976 899
553 245
987 25
829 4
913 113
516 421
977 823
874 700
336 506
804 123
361 436
391 623
581 468
191 142
212 480
178 855
694 73
450 390
576 389
395 490
628 909
672 319
433 77
682 83
413 554
29 337
251 345
302 579
820 52
88 311
509 673
972 212
392 25
168 313
782 807
803 959
865 927
707 367
824 653
221 803
205 631
537 520
465 441
916 24
791 23
15 122
472 702
405 984
51 934
738 101
406 933
613 408
495 662
232 507
527 91
470 487
466 806
981 165
203 573
533 864
108 680
133 875
95 88
833 108
413 195
236 304
130 356
255 6
109 867
303 931
836 600
357 770
865
Petra
442 768
75 378
159 486
468 544
260 135
990 308
896 489
429 581
668 390
289 721
899 368
591 802
284 612
151 311
587 532
966 925
123 523
683 61
535 217
21 248
661 340
938 544
780 661
592 189
313 224
534 928
532 238
144 735
786 386
153 131
218 722
742 310
936 196
527 764
963 130
200 596
729 421
550 807
51 490
352 933
555 612
455 233
204 43
583 114
59 669
959 967
827 845
827 680
20 74
613 540
936 364
674 458
396 858
536 758
689 949
739 861
677 424
305 190
587 759
66 878
373 431
679 984
640 165
5 18
294 791
509 920
603 720
409 692
486 705
672 359
620 369
428 967
776 983
577 841
580 220
783 352
410 566
618 993
97 508
46 41
382 424
386 983
269 181
447 96
562 65
328 102
111 324
660 436
414 368
511 326
512 398
842 492
460 614
257 212
289 336
823 461
137 940
149 564
538 743
13 599
530 65
408 897
930 566
683 338
548 438
801 899
124 26
720 846
528 376
643 808
281 123
725 134
873 192
970 293
161 822
853 927
345 901
846 119
764 182
494 563
437 988
976 212
38 125
46 401
557 403
435 169
5 531
711 199
409 585
79 161
629 692
198 38
474 520
46 662
941 760
623 57
514 119
978 262
791 869
337 464
769 240
613 548
114 388
194 108
463 271
351 267
875 832
741 3
846 643
513 961
823 206
354 960
300 624
4 858
576 806
329 928
381 667
353 864
200 870
934 172
550 618
965 939
400 832
247 165
66 889
93 755
795 39
438 386
933 221
990 775
791 762
425 513
382 394
237 916
436 791
787 996
654 25
810 446
163 492
157 86
354 317
989 614
404 716
9 829
975 606
912 131
406 164
869 94
895 897
387 271
882 943
736 872
521 780
246 100
771 385
330 653
505 354
406 627
867 802
417 922
241 115
199 62
900 498
197 526
998 23
787 587
480 416
570 432
621 361
11 129
185 969
693 64
402 683
933 696
151 44
952 260
208 420
625 617
75 426
853 536
633 355
788 757
557 55
195 442
707 876
530 147
263 183
770 658
826 935
702 727
300 642
947 960
783 309
205 437
538 521
563 429
946 820
484 668
215 850
947 263
740 389
640 819
90 417
311 408
219 507
363 326
936 22
203 788
328 583
945 789
82 326
774 457
969 411
564 280
237 436
705 404
118 30
605 830
952 595
292 697
265 20
656 832
661 255
468 559
3 324
177 917
973 454
44 276
718 180
172 249
990 792
915 520
79 402
970 530
763 473
574 851
183 943
130 618
143 264
566 120
721 34
631 788
840 390
166 112
459 367
202 959
175 301
602 310
198 773
104 103
873 799
295 882
128 481
919 240
829 265
29 481
663 900
460 546
842 214
298 949
790 675
325 699
552 711
47 697
197 188
579 149
766 713
394 69
228 189
405 45
403 888
86 838
135 639
114 303
394 640
496 631
303 14
49 226
58 197
871 244
921 926
625 505
348 212
439 930
753 593
826 567
783 609
613 204
104 574
435 432
114 799
61 999
931 945
223 308
583 723
650 931
279 600
135 938
904 22
102 823
72 579
162 122
385 103
367 543
472 87
49 40
473 522
877 411
314 184
986 964
689 768
19 630
491 885
196 518
983 956
887 567
962 600
557 325
565 23
286 101
293 16
99 25
811 936
126 440
271 540
240 459
701 311
864 18
52 474
773 308
103 859
723 498
253 831
875 21
951 845
412 196
168 175
51 552
241 300
125 713
905 68
478 727
702 82
919 932
200 734
615 592
871 556
15 560
875 276
543 648
600 641
927 925
254 829
157 656
549 493
444 777
317 648
486 347
963 65
35 972
556 716
536 560
691 24
160 175
445 132
39 561
860 875
202 801
301 296
814 489
479 134
306 154
345 465
211 791
994 702
592 473
767 307
635 339
697 509
795 826
629 818
724 887
159 883
416 464
460 38
569 541
403 914
214 630
220 283
993 210
4 142
26 485
127 341
461 184
403 484
32 866
922 571
97 211
554 407
440 769
875 641
134 488
909 522
6 888
859 176
148 648
863 29
166 596
283 410
554 716
349 56
139 305
999 365
99 360
414 194
734 453
534 237
410 690
748 763
119 914
143 71
529 887
426 35
962 59
145 921
753 228
492 454
925 23
289 475
659 384
26 178
737 358
0 844
213 106
570 735
643 7
554 401
53 325
157 537
649 653
654 688
973 906
88 423
479 491
73 266
200 227
193 112
81 756
242 810
641 640
212 934
564 865
234 394
423 385
308 158
711 509
313 363
64 534
506 674
178 306
827 418
807 67
949 284
416 433
665 314
185 627
394 327
91 543
971 239
973 497
715 23
230 57
579 530
639 221
606 810
414 574
406 972
326 422
903 125
57 153
258 609
508 787
369 109
977 8
423 876
768 530
606 285
926 320
485 202
128 797
549 461
691 718
31 201
462 479
628 912
859 86
357 333
185 88
759 560
842 114
475 592
95 303
563 953
434 914
776 153
554 485
32 945
398 452
885 40
900 823
268 871
393 991
4 944
836 814
317 815
488 862
572 151
342 164
714 472
271 754
179 912
313 932
279 338
501 453
132 839
654 370
445 660
145 258
561 889
232 132
981 397
698 413
401 535
609 628
605 222
880 667
882 245
756 858
193 636
485 309
82 702
300 70
158 848
38 945
977 731
951 731
618 884
859 743
547 458
824 865
81 183
464 184
843 667
401 127
193 640
577 597
188 306
566 137
827 581
540 952
329 392
158 204
596 397
927 451
122 441
264 243
360 153
397 945
46 73
811 670
484 798
808 88
964 117
597 114
970 959
919 972
751 818
892 372
687 568
300 781
348 914
671 576
809 973
854 821
810 168
309 736
29 67
369 712
333 478
32 26
647 724
178 585
979 131
99 195
431 141
115 103
923 540
972 298
585 217
932 447
169 568
3 176
691 172
308 631
481 234
761 570
607 131
708 370
478 978
223 650
383 615
477 188
703 789
929 805
393 842
683 39
644 526
395 404
901 812
268 772
120 889
957 152
463 282
935 829
190 255
394 212
304 856
682 48
850 274
178 998
181 616
928 932
851 372
861 167
416 599
493 333
106 850
479 69
890 318
763 446
827 572
86 617
577 448
139 232
297 386
264 251
625 304
927 25
373 993
82 532
7 796
238 983
742 4
764 387
684 725
111 240
305 960
713 687
476 189
617 965
622 40
498 914
373 302
679 939
371 373
584 328
514 4
319 382
825 274
238 333
587 964
30 134
531 164
865 283
471 467
621 582
902 21
523 193
970 397
932 747
763 804
91 567
574 557
207 817
770 211
999 676
254 3
768 487
767 387
751 19
765 175
353 12
138 307
245 369
401 153
449 179
866 522
717 786
745 576
114 893
103 377
970 642
943 398
622 278
34 615
951 819
183 714
88 996
367 214
777 870
923 946
89 870
262 643
216 334
249 146
652 179
985 834
223 565
999 453
78 813
640 695
485 822
963 96
712 172
254 861
312 530
744 624
538 364
324 129
695 860
137 541
945 768
577 876
809 542
719 137
73 310
390 892
126 927
976 84
414 748
374 509
260 974
262 51
881 524
49 335
872 92
749 778
794 191
300 970
526 42
175 656
86 817
732 428
115 927
206 143
577 850
232 377
162 983
738 685
908 146
465 121
981 238
631 733
629 397
514 826
122 459
647 592
801 902
360 316
650 147
381 847
501 25
646 604
395 50
781 369
420 536
784 519
576 754
395 17
666 97
532 240
754 844
480 786
273 177
711 978
928 312
617 529
633 530
61 500
165 38
85 345
215 979
170 290
635 279
344 579
855 374
72 351
229 534
511 840
735 746
778 772
425 101
489 755
733 623
78 144
3 521
417 621
137 369
959 797
82 801
655 638
688 690
222 40
316 479
554 84
273 765
599 233
480 224
736 351
125 456
284 443
78 306
462 828
87 778
789 235
