5 5
20.00
12.00
29.00
14.00
25.00
2 1
56.87
43.13
2 2
56.87
43.13
3 1
10.00
45.00
45.00
1 1
100.00
7 5
10.00
10.00
12.00
29.00
3.00
11.00
25.00
5 5
19.00
12.00
29.00
15.00
25.00
4 4
25.00
25.00
25.00
25.00
2 2
35.00
65.00
1 1
100.00
3 3
49.00
49.00
2.00
5 5
20.00
20.00
20.00
30.00
10.00
10 10
10.00
10.00
10.00
10.00
10.00
10.00
10.00
10.00
10.00
10.00
100 100
1.00
1.00
1.00
1.00
1.00
1.00
1.00
1.00
1.00
1.00
1.00
1.00
1.00
1.00
1.00
1.00
1.00
1.00
1.00
1.00
1.00
1.00
1.00
1.00
1.00
1.00
1.00
1.00
1.00
1.00
1.00
1.00
1.00
1.00
1.00
1.00
1.00
1.00
1.00
1.00
1.00
1.00
1.00
1.00
1.00
1.00
1.00
1.00
1.00
1.00
1.00
1.00
1.00
1.00
1.00
1.00
1.00
1.00
1.00
1.00
1.00
1.00
1.00
1.00
1.00
1.00
1.00
1.00
1.00
1.00
1.00
1.00
1.00
1.00
1.00
1.00
1.00
1.00
1.00
1.00
1.00
1.00
1.00
1.00
1.00
1.00
1.00
1.00
1.00
1.00
1.00
1.00
1.00
1.00
1.00
1.00
1.00
1.00
1.00
1.00
10 1
0.01
0.10
0.04
0.28
0.01
1.47
10.31
0.77
8.26
78.75
10 2
0.01
0.10
0.04
0.28
0.01
1.47
10.31
0.77
8.26
78.75
10 3
0.01
0.10
0.04
0.28
0.01
1.47
10.31
0.77
8.26
78.75
10 4
0.01
0.10
0.04
0.28
0.01
1.47
10.31
0.77
8.26
78.75
10 5
0.01
0.10
0.04
0.28
0.01
1.47
10.31
0.77
8.26
78.75
10 6
0.01
0.10
0.04
0.28
0.01
1.47
10.31
0.77
8.26
78.75
10 7
0.01
0.10
0.04
0.28
0.01
1.47
10.31
0.77
8.26
78.75
10 8
0.01
0.10
0.04
0.28
0.01
1.47
10.31
0.77
8.26
78.75
10 9
0.01
0.10
0.04
0.28
0.01
1.47
10.31
0.77
8.26
78.75
10 10
0.01
0.10
0.04
0.28
0.01
1.47
10.31
0.77
8.26
78.75
10 2
0.01
0.29
0.43
0.07
7.03
3.85
2.39
3.43
4.21
78.29
10 4
0.03
0.59
0.32
0.01
0.99
1.36
6.07
16.68
15.15
58.80
13 5
0.01
0.01
0.05
0.52
0.17
0.04
0.56
2.78
0.28
4.74
10.20
11.91
68.73
9 9
0.02
0.36
1.53
0.86
0.07
3.99
14.54
31.26
47.37
10 10
0.01
0.01
0.01
0.39
0.19
19.10
5.54
7.92
33.50
33.33
14 7
0.01
0.01
0.03
0.04
0.01
0.02
0.25
0.25
0.32
0.23
0.64
5.31
2.79
90.09
9 5
0.12
0.09
0.20
2.51
4.33
10.73
0.22
2.55
79.25
11 7
0.01
0.10
0.15
0.03
0.21
0.07
0.42
7.16
31.60
10.02
50.23
11 10
0.31
0.06
0.12
0.03
0.27
10.18
18.69
0.46
8.86
37.05
23.97
5 1
0.01
1.21
0.38
12.56
85.84
10 4
0.01
0.08
0.03
1.35
0.68
0.71
0.17
1.98
82.78
12.21
8 4
0.12
0.61
0.27
5.11
11.29
8.83
5.16
68.61
6 4
0.01
0.04
0.11
33.86
14.43
51.55
7 6
0.33
0.14
2.48
2.76
33.69
6.33
54.27
6 6
0.03
0.30
16.07
2.03
4.25
77.32
9 6
0.01
0.02
0.01
0.01
0.02
1.48
87.69
8.71
2.05
14 6
0.01
0.05
0.01
0.10
0.01
0.15
0.17
0.65
1.15
13.54
1.20
54.58
9.01
19.37
11 1
0.01
0.02
0.01
0.06
0.18
0.11
0.01
0.09
0.80
1.37
97.34
10 5
0.12
0.10
0.16
0.42
5.37
2.74
0.15
17.47
16.45
57.02
7 3
0.01
0.02
0.10
18.71
12.45
64.35
4.36
13 11
0.04
0.04
0.14
0.03
0.21
1.77
0.05
0.26
7.85
1.44
4.43
49.73
34.01
9 3
0.01
0.03
0.01
0.08
0.04
0.33
1.34
0.15
98.01
8 3
0.01
0.10
0.11
0.36
13.85
61.66
8.40
15.51
12 4
0.01
0.05
0.01
0.20
0.09
0.02
1.18
0.50
8.02
15.90
42.89
31.13
11 1
0.01
0.05
0.06
0.01
0.14
0.10
2.04
1.52
7.85
25.11
63.11
10 4
0.01
0.33
0.35
4.69
0.10
5.26
7.67
39.66
12.99
28.94
5 3
0.02
2.02
9.11
41.85
47.00
6 6
0.03
0.04
0.01
0.21
41.38
58.33
8 8
0.01
0.06
0.14
1.04
2.58
0.66
2.00
93.51
8 4
0.01
0.05
0.05
0.36
0.41
4.73
5.63
88.76
12 2
0.01
0.03
0.06
0.65
2.61
2.21
4.03
1.92
6.95
40.77
15.59
25.17
10 2
0.01
1.19
0.38
6.56
3.05
0.88
1.29
21.19
14.76
50.69
9 7
0.04
0.09
0.08
0.27
0.58
49.60
12.97
32.29
4.08
12 10
0.03
0.01
0.10
0.12
0.68
0.81
0.57
23.14
0.45
44.20
23.45
6.44
8 8
0.01
0.03
0.02
0.90
0.39
10.95
39.96
47.74
7 1
0.01
0.03
0.04
2.04
4.53
2.17
91.18
12 5
0.04
0.02
0.08
0.61
0.46
0.90
0.21
1.70
6.99
2.62
24.63
61.74
10 6
0.01
0.04
0.01
0.51
0.22
0.45
0.04
1.12
12.78
84.82
15 11
0.02
0.05
0.06
0.08
0.15
0.01
2.66
0.65
2.06
6.59
18.32
5.18
20.24
17.45
26.48
6 1
0.01
0.20
0.98
2.27
22.05
74.49
9 4
0.05
1.80
0.14
1.61
4.92
2.69
5.31
14.73
68.75
12 3
0.01
0.01
0.01
0.04
0.02
0.31
1.07
0.42
2.43
45.31
27.44
22.93
9 6
0.01
0.06
0.03
0.07
1.02
0.34
5.79
5.99
86.69
11 1
0.14
0.05
0.10
1.20
0.06
0.18
1.01
11.50
4.74
17.41
63.61
5 4
0.01
0.11
16.57
13.81
69.50
13 11
0.01
0.01
0.01
0.01
0.22
2.12
0.76
1.95
11.69
24.79
22.96
0.02
35.45
9 3
0.01
0.11
0.03
0.22
0.35
6.39
22.93
29.42
40.54
7 4
0.05
0.43
4.05
4.22
23.15
11.00
57.10
8 1
0.01
0.28
0.22
6.40
6.81
4.18
48.33
33.77
18 7
0.08
0.02
0.15
0.13
0.13
0.17
0.02
0.01
0.13
0.11
0.67
0.95
28.44
10.70
3.14
5.21
9.50
40.44
10 5
0.01
0.01
0.13
0.83
0.07
1.08
7.39
4.21
2.03
84.24
9 8
0.01
0.19
0.66
0.22
8.35
16.10
15.81
26.68
31.98
10 6
0.01
0.01
0.15
0.27
1.56
1.64
13.44
6.41
19.82
56.69
13 3
0.03
0.02
0.02
0.02
0.11
1.14
3.13
0.57
2.71
5.24
2.79
24.34
59.88
14 14
0.02
0.03
0.02
0.01
0.09
0.15
0.10
0.01
9.75
0.71
0.58
0.07
4.11
84.35
6 2
0.17
0.07
0.10
0.36
3.95
95.35
10 1
0.06
0.09
0.07
0.13
0.08
0.78
8.64
28.87
16.99
44.29
13 2
0.01
0.01
0.02
0.01
0.21
0.06
0.03
0.03
4.50
3.02
10.02
44.16
37.92
9 9
0.01
0.01
0.01
0.18
0.05
11.92
5.60
3.59
78.63
5 4
0.02
0.07
1.93
0.07
97.91
14 11
0.02
0.06
0.01
0.06
0.02
0.04
1.29
2.68
5.01
2.08
2.82
4.17
20.17
61.57
9 4
0.01
0.09
0.15
0.38
0.49
1.46
58.01
30.47
8.94
8 6
0.22
0.80
0.05
2.68
4.36
6.30
7.18
78.41
11 10
0.02
0.01
0.04
0.01
0.31
3.44
0.65
12.80
12.79
0.04
69.89
6 3
0.06
0.20
0.04
0.09
0.72
98.89
9 2
0.87
0.94
0.61
2.53
6.17
18.36
3.46
63.19
3.87
10 2
0.01
0.47
0.26
11.55
0.79
7.97
13.72
30.59
6.33
28.31
11 10
0.02
0.01
0.07
0.01
0.04
0.77
7.32
13.08
20.88
36.46
21.34
8 3
0.01
0.09
0.02
0.39
1.61
10.79
21.11
65.98
13 2
0.02
0.01
0.05
0.12
0.81
4.34
4.93
6.43
28.06
14.01
17.47
4.74
19.01
9 5
0.02
0.26
0.30
0.07
0.77
0.46
1.07
5.67
91.38
8 1
0.07
0.19
0.05
1.94
0.38
0.09
7.13
90.15
4 3
0.01
0.16
0.20
99.63
11 7
0.01
0.01
0.02
0.24
0.16
0.75
2.49
8.48
12.90
5.79
69.15
11 3
0.01
0.05
0.05
0.23
0.40
6.33
22.97
31.64
9.97
27.06
1.29
14 9
0.01
0.06
0.07
0.08
2.33
0.97
0.74
0.32
1.76
2.11
13.49
16.16
42.55
19.35
7 5
0.01
0.06
0.39
8.25
0.03
14.24
77.02
6 4
0.01
0.10
20.86
1.88
2.98
74.17
11 4
0.01
0.01
0.01
0.01
0.07
0.10
2.48
2.40
29.32
27.77
37.82
9 8
0.13
0.05
0.86
0.23
6.11
11.75
28.23
5.70
46.94
10 9
0.02
0.02
0.34
0.55
7.36
1.78
26.21
32.80
11.37
19.55
8 1
0.01
0.12
0.01
0.48
0.34
62.26
11.16
25.62
16 8
0.02
0.04
0.07
0.09
0.49
0.45
0.13
1.05
8.56
1.45
2.49
18.75
6.12
1.65
19.93
38.71
10 9
0.01
0.40
0.16
2.79
12.15
16.71
10.03
11.81
31.89
14.05
4 2
0.05
1.51
10.66
87.78
13 3
0.02
0.01
0.04
0.03
0.02
0.18
0.43
0.37
0.05
6.55
0.79
49.65
41.86
8 6
0.01
0.28
0.75
0.12
0.36
0.69
14.08
83.71
7 2
0.15
0.01
0.36
3.30
26.92
19.18
50.08
3 3
0.07
64.61
35.32
15 4
0.02
0.16
0.12
0.20
0.10
0.06
0.40
1.07
1.18
3.18
4.31
5.74
2.09
74.46
6.91
7 1
0.06
0.05
0.29
0.39
0.31
0.30
98.60
12 1
0.01
0.02
0.01
0.04
0.03
0.03
0.10
0.49
19.48
4.12
30.52
45.15
10 9
0.02
0.01
0.01
0.01
0.01
0.01
0.03
0.74
3.34
95.82
7 1
0.04
0.23
0.10
2.68
6.00
28.54
62.41
11 9
0.01
0.03
0.46
1.42
0.82
0.65
4.15
54.20
9.44
18.63
10.19
3 3
2.15
1.49
96.36
9 2
0.01
0.09
1.22
0.68
0.97
42.24
3.02
34.76
17.01
14 1
0.01
0.01
0.04
0.03
0.23
0.05
0.17
1.03
2.84
0.90
10.75
22.05
30.45
31.44
7 3
0.03
0.56
0.98
0.93
1.66
2.72
93.12
0 0

